1684838630709,0.000,0.000,26.360,1000.660,105.330,46.050,0.000,-0.100,-0.120,0.050,0.040,0.990,-0.090,0.000,23.810,0.000,0.000
1684838630866,0.000,0.000,26.360,1000.700,105.030,46.050,0.000,0.050,0.290,-0.260,0.040,0.990,-0.100,0.000,23.020,0.000,0.000
1684838631023,0.000,0.000,26.370,1000.730,104.770,46.050,0.000,0.230,0.060,-0.150,0.040,0.990,-0.100,0.000,23.020,0.000,0.000
1684838631180,0.000,0.000,26.360,1000.680,105.150,46.050,0.000,0.280,0.260,0.060,0.040,0.990,-0.090,0.000,22.620,0.000,0.000
1684838631337,0.000,0.000,26.360,1000.720,104.840,46.050,0.000,-0.100,0.640,-0.300,0.040,0.990,-0.090,0.000,23.020,0.000,0.000
1684838631494,0.000,0.000,26.360,1000.650,105.410,46.050,0.000,0.190,0.140,0.080,0.040,0.990,-0.090,0.000,23.420,0.000,0.000
1684838631651,0.000,0.000,26.360,1000.680,105.180,46.050,0.000,0.050,0.140,-0.030,0.040,0.990,-0.090,0.000,23.020,0.000,0.000
1684838631808,0.000,0.000,26.360,1000.660,105.330,46.050,0.000,-0.230,0.170,0.460,0.040,0.990,-0.100,0.000,23.020,0.000,0.000
1684838631966,0.000,0.000,26.360,1000.690,105.100,46.050,0.000,-0.470,-0.520,0.350,0.040,0.990,-0.100,0.000,23.020,0.000,0.000
1684838632123,0.000,0.000,26.360,1000.670,105.290,46.050,0.000,-0.640,0.350,-0.030,0.040,0.990,-0.080,0.000,23.420,0.000,0.000
1684838632280,0.000,0.000,26.360,1000.690,105.100,46.050,0.000,-0.030,-0.090,0.450,0.040,0.990,-0.100,0.000,23.420,0.000,0.000
1684838632437,0.000,0.000,26.360,1000.710,104.910,46.060,0.000,0.020,0.350,0.140,0.040,0.990,-0.090,0.000,23.420,0.000,0.000
1684838632594,0.000,0.000,26.360,1000.640,105.520,46.050,0.000,0.810,0.410,-0.260,0.040,0.990,-0.100,0.000,23.420,0.000,0.000
1684838632752,0.000,0.000,26.360,1000.690,105.100,46.050,0.000,0.090,0.180,0.090,0.030,0.990,-0.090,0.000,22.620,0.000,0.000
1684838632909,0.000,0.000,26.360,1000.680,105.150,46.060,0.000,0.060,-0.240,-0.040,0.040,0.990,-0.090,0.000,23.810,0.000,0.000
1684838633066,0.000,0.000,26.360,1000.700,104.990,46.070,0.000,-0.040,-0.240,0.280,0.040,0.990,-0.090,0.000,23.810,0.000,0.000
1684838633223,0.000,0.000,26.360,1000.730,104.720,46.060,0.000,0.190,-0.050,0.250,0.050,0.990,-0.090,0.000,22.620,0.000,0.000
1684838633380,0.000,0.000,26.360,1000.750,104.610,46.060,0.000,0.050,0.110,0.020,0.050,1.000,-0.090,0.000,23.420,0.000,0.000
1684838633537,0.000,0.000,26.360,1000.690,105.070,46.060,0.000,0.290,0.530,0.140,0.040,0.990,-0.100,0.000,23.810,0.000,0.000
1684838633851,0.000,0.000,26.360,1000.660,153.000,6.000,0.000,-0.000,0.000,0.300,0.000,0.000,26.360,1000.700,104.990,46.060,0.000
1684838634009,0.000,0.000,26.360,1000.750,104.610,46.060,0.000,0.490,0.090,-0.090,0.040,0.990,-0.100,0.000,23.020,0.000,0.000
1684838634166,0.000,0.000,26.360,1000.690,105.070,46.060,0.000,-0.060,0.090,-0.100,0.040,0.990,-0.090,0.000,23.420,0.000,0.000
1684838634323,0.000,0.000,26.360,1000.680,105.180,46.060,0.000,-0.100,0.320,-0.010,0.040,0.990,-0.100,0.000,23.420,0.000,0.000
1684838634480,0.000,0.000,26.360,1000.720,104.870,46.070,0.000,-0.120,-0.230,0.540,0.040,0.980,-0.080,0.000,23.420,0.000,0.000
1684838634638,0.000,0.000,26.360,1000.680,105.210,46.070,0.000,-0.060,0.410,-0.060,0.050,0.990,-0.090,0.000,23.810,0.000,0.000
1684838634794,0.000,0.000,26.360,1000.690,105.070,46.070,0.000,0.890,-0.240,0.350,0.040,0.980,-0.080,0.000,23.420,0.000,0.000
1684838634952,0.000,0.000,26.360,1000.700,104.990,46.060,0.000,-0.460,0.210,0.350,0.040,0.990,-0.090,0.000,23.020,0.000,0.000
1684838635109,0.000,0.000,26.360,1000.700,105.030,46.060,0.000,-0.100,-0.380,-0.200,0.040,0.990,-0.090,0.000,23.810,0.000,0.000
1684838635266,0.000,0.000,26.360,1000.720,104.870,46.070,0.000,-0.060,-0.240,0.160,0.040,0.990,-0.090,0.000,23.810,0.000,0.000
1684838635423,0.000,0.000,26.360,1000.720,104.870,46.040,0.000,-0.210,0.110,0.090,0.040,0.990,-0.090,0.000,23.020,0.000,0.000
1684838635580,0.000,0.000,26.360,1000.690,105.070,46.070,0.000,0.170,-0.580,-0.160,0.030,0.990,-0.090,0.000,23.420,0.000,0.000
1684838635737,0.000,0.000,26.360,1000.650,105.440,46.070,0.000,0.370,0.110,0.280,0.040,0.990,-0.100,0.000,23.020,0.000,0.000
1684838635895,0.000,0.000,26.360,1000.710,149.000,7.000,0.000,-1.190,-0.820,0.400,0.040,1.000,-0.090,0.000,23.810,0.000,0.000
1684838636366,0.000,0.000,26.360,1000.720,104.840,46.070,0.000,0.080,-0.230,0.140,0.040,1.000,-0.090,0.000,23.020,0.000,0.000
1684838636523,0.000,0.000,26.360,1000.720,104.870,46.070,0.000,-0.100,-0.200,0.060,0.040,0.990,-0.100,0.000,23.810,0.000,0.000
1684838636681,0.000,0.000,26.360,1000.690,105.070,46.070,0.000,-1.200,-1.180,-0.130,0.040,0.980,-0.080,0.000,23.020,0.000,0.000
1684838636838,0.000,0.000,26.370,1000.650,105.450,46.070,0.000,0.510,0.290,0.110,0.040,0.990,-0.090,0.000,23.420,0.000,0.000
1684838636995,0.000,0.000,26.360,1000.700,105.030,46.070,0.000,0.050,-0.210,0.480,0.040,0.990,-0.090,0.000,23.420,0.000,0.000
1684838637152,0.000,0.000,26.360,1000.650,105.440,46.080,0.000,0.190,-0.520,0.290,0.040,0.990,-0.100,0.000,23.420,0.000,0.000
1684838637309,0.000,0.000,26.360,1000.670,105.290,46.070,0.000,0.280,0.180,0.230,0.040,0.990,-0.090,0.000,23.420,0.000,0.000
1684838637466,0.000,0.000,26.360,1000.720,104.840,46.070,0.000,-0.390,-0.080,0.200,0.040,0.990,-0.090,0.000,23.420,0.000,0.000
1684838637624,0.000,0.000,26.360,1000.650,105.410,46.080,0.000,-0.840,-0.210,-0.390,0.040,0.990,-0.100,0.000,23.020,0.000,0.000
1684838637781,0.000,0.000,26.360,1000.680,105.210,46.090,0.000,0.250,0.230,0.460,0.040,0.990,-0.090,0.000,23.420,0.000,0.000
1684838637938,0.000,0.000,26.360,1000.710,104.920,46.080,0.000,1.150,-0.150,0.000,0.040,1.000,-0.100,0.000,23.420,0.000,0.000
1684838638095,0.000,0.000,26.360,1000.660,105.330,46.080,0.000,-0.360,0.150,0.110,0.040,0.990,-0.100,0.000,23.420,0.000,0.000
1684838638252,0.000,0.000,26.360,1000.670,105.260,46.080,0.000,-0.170,-0.290,0.230,0.050,0.990,-0.090,0.000,23.020,0.000,0.000
1684838638409,0.000,0.000,26.360,1000.680,105.180,46.080,0.000,0.960,0.410,-0.360,0.030,0.990,-0.100,0.000,22.620,0.000,0.000
1684838638567,0.000,0.000,26.360,1000.680,105.180,46.080,0.000,-0.500,-0.020,0.090,0.040,0.990,-0.110,0.000,23.020,0.000,0.000
1684838638723,0.000,0.000,26.360,1000.700,104.990,46.080,0.000,0.050,0.370,-0.210,0.040,0.990,-0.090,0.000,23.810,0.000,0.000
1684838638881,0.000,0.000,26.360,1000.670,105.250,46.080,0.000,-0.150,-0.230,0.230,0.050,0.990,-0.090,0.000,23.020,0.000,0.000
1684838639038,0.000,0.000,26.360,1000.700,104.990,46.090,0.000,0.190,0.660,-0.130,0.040,0.990,-0.090,0.000,23.420,0.000,0.000
1684838639195,0.000,0.000,26.360,1000.720,104.870,46.090,0.000,-0.640,0.080,0.130,0.040,1.000,-0.100,0.000,23.420,0.000,0.000
1684838639352,0.000,0.000,26.360,1000.690,105.070,46.090,0.000,0.490,0.060,-0.180,0.040,0.990,-0.100,0.000,23.020,0.000,0.000
1684838639509,0.000,0.000,26.360,1000.650,105.440,46.090,0.000,0.580,-0.050,-0.040,0.040,0.990,-0.100,0.000,23.420,0.000,0.000
1684838639667,0.000,0.000,26.350,1000.700,105.050,46.080,0.000,0.220,-0.310,-0.910,0.050,1.010,-0.090,0.000,23.020,0.000,0.000
1684838639824,0.000,0.000,26.360,1000.690,105.130,46.090,0.000,-0.270,-0.080,0.080,0.040,0.990,-0.100,0.000,23.420,0.000,0.000
1684838639981,0.000,0.000,26.360,1000.660,105.360,46.090,0.000,0.400,0.430,-0.410,0.040,1.000,-0.080,0.000,23.020,0.000,0.000
1684838640138,0.000,0.000,26.360,1000.700,104.990,46.090,0.000,-0.610,-0.140,0.000,0.040,0.990,-0.100,0.000,23.810,0.000,0.000
1684838640295,0.000,0.000,26.360,1000.680,105.180,46.090,0.000,0.250,0.410,-0.040,0.040,0.990,-0.100,0.000,23.020,0.000,0.000
1684838640452,0.000,0.000,26.360,1000.690,105.070,46.090,0.000,0.090,0.230,-0.010,0.040,0.990,-0.100,0.000,23.020,0.000,0.000
1684838640609,0.000,0.000,26.360,1000.650,105.440,46.090,0.000,-0.210,-0.150,0.020,0.040,0.980,-0.100,0.000,22.620,0.000,0.000
1684838640767,0.000,0.000,26.360,1000.730,104.800,46.110,0.000,-0.640,-0.370,0.030,0.040,0.990,-0.090,0.000,23.020,0.000,0.000
1684838640924,0.000,0.000,26.360,1000.650,105.440,46.110,0.000,0.150,0.310,0.030,0.040,0.990,-0.100,0.000,23.420,0.000,0.000
1684838641081,0.000,0.000,26.360,1000.680,105.150,46.110,0.000,-1.490,-0.380,-0.120,0.050,0.950,-0.110,0.000,22.620,0.000,0.000
1684838641238,0.000,0.000,26.360,1000.640,105.560,46.110,0.000,0.230,0.600,-0.360,0.050,0.990,-0.070,0.000,23.020,0.000,0.000
1684838641395,0.000,0.000,26.360,1000.690,105.070,46.110,0.000,1.020,0.320,0.340,0.040,0.980,-0.100,0.000,23.020,0.000,0.000
1684838641552,0.000,0.000,26.360,1000.730,104.800,46.110,0.000,-0.040,-0.020,0.510,0.040,0.990,-0.080,0.000,23.420,0.000,0.000
1684838641710,0.000,0.000,26.360,1000.710,104.950,46.110,0.000,0.280,-0.020,-0.070,0.040,0.990,-0.080,0.000,23.420,0.000,0.000
1684838641866,0.000,0.000,26.360,1000.710,104.950,46.080,0.000,-0.210,0.210,0.090,0.040,0.990,-0.090,0.000,23.810,0.000,0.000
1684838642024,0.000,0.000,26.360,1000.730,104.800,46.110,0.000,0.480,-0.350,-0.240,0.030,0.990,-0.100,0.000,23.420,0.000,0.000
1684838642181,0.000,0.000,26.370,1000.730,104.770,46.120,0.000,-0.330,0.230,0.310,0.040,0.990,-0.100,0.000,23.420,0.000,0.000
1684838642338,0.000,0.000,26.370,1000.730,104.770,46.120,0.000,0.260,0.290,0.060,0.050,0.980,-0.100,0.000,23.810,0.000,0.000
1684838642495,0.000,0.000,26.360,1000.690,105.100,46.120,0.000,-1.450,-0.370,0.190,0.050,0.990,-0.090,0.000,23.810,0.000,0.000
1684838642653,0.000,0.000,26.360,1000.700,104.990,46.120,0.000,-0.210,-0.600,0.000,0.040,1.000,-0.100,0.000,24.210,0.000,0.000
1684838642810,0.000,0.000,26.360,1000.710,104.920,46.120,0.000,-0.330,0.140,-0.210,0.040,0.990,-0.090,0.000,23.020,0.000,0.000
1684838642967,0.000,0.000,26.370,1000.700,105.000,46.130,0.000,-0.320,0.350,0.130,0.040,1.000,-0.100,0.000,23.020,0.000,0.000
1684838643124,0.000,0.000,26.360,1000.680,105.150,46.120,0.000,0.150,0.410,-0.100,0.040,0.990,-0.090,0.000,23.810,0.000,0.000
1684838643281,0.000,0.000,26.360,1000.700,105.030,46.120,0.000,-0.300,-0.310,0.190,0.050,0.990,-0.080,0.000,23.020,0.000,0.000
1684838643438,0.000,0.000,26.360,1000.680,105.150,46.130,0.000,-0.460,-0.260,0.200,0.040,0.990,-0.100,0.000,23.020,0.000,0.000
1684838643595,0.000,0.000,26.370,1000.690,105.110,46.130,0.000,0.080,0.270,0.020,0.040,0.990,-0.100,0.000,23.020,0.000,0.000
1684838643753,0.000,0.000,26.360,1000.670,105.290,46.130,0.000,-0.140,-0.210,-0.040,0.040,0.990,-0.090,0.000,23.020,0.000,0.000
1684838643910,0.000,0.000,26.360,1000.660,105.370,46.130,0.000,-0.750,-0.380,0.230,0.040,0.990,-0.090,0.000,23.020,0.000,0.000
1684838644067,0.000,0.000,26.360,1000.700,105.030,46.130,0.000,-0.180,0.550,-0.450,0.040,0.990,-0.090,0.000,23.420,0.000,0.000
1684838644224,0.000,0.000,26.370,1000.740,104.770,46.110,0.000,0.370,-0.120,0.110,0.040,0.990,-0.090,0.000,23.020,0.000,0.000
1684838644381,0.000,0.000,26.360,1000.680,105.150,46.140,0.000,0.290,0.270,0.290,0.050,0.990,-0.090,0.000,23.020,0.000,0.000
1684838644538,0.000,0.000,26.360,1000.640,105.490,46.140,0.000,-0.750,-0.380,0.460,0.040,0.990,-0.090,0.000,23.420,0.000,0.000
1684838644696,0.000,0.000,26.370,1000.680,105.230,46.140,0.000,0.370,0.080,0.280,0.040,0.990,-0.100,0.000,23.020,0.000,0.000
1684838644852,0.000,0.000,26.370,1000.650,105.450,46.140,0.000,0.090,-0.380,0.670,0.040,0.990,-0.090,0.000,23.020,0.000,0.000
1684838645010,0.000,0.000,26.360,1000.640,105.490,46.140,0.000,-0.090,0.230,-0.100,0.040,0.990,-0.100,0.000,23.020,0.000,0.000
1684838645167,0.000,0.000,26.360,1000.680,105.180,46.150,0.000,0.220,0.180,-0.230,0.040,1.000,-0.090,0.000,23.420,0.000,0.000
1684838645324,0.000,0.000,26.370,1000.680,105.230,46.150,0.000,0.080,0.270,0.160,0.040,0.990,-0.090,0.000,23.810,0.000,0.000
1684838645481,0.000,0.000,26.360,1000.660,105.370,46.150,0.000,0.290,-0.350,-0.010,0.030,0.990,-0.100,0.000,23.420,0.000,0.000
1684838645639,0.000,0.000,26.360,1000.670,105.290,46.150,0.000,-0.610,-0.490,-0.260,0.050,0.990,-0.100,0.000,23.020,0.000,0.000
1684838645796,0.000,0.000,26.360,1000.690,105.070,46.150,0.000,-0.300,-0.470,0.160,0.040,1.000,-0.100,0.000,22.620,0.000,0.000
1684838645953,0.000,0.000,26.370,1000.660,105.340,46.150,0.000,-0.230,0.730,0.170,0.040,0.990,-0.090,0.000,23.420,0.000,0.000
1684838646110,0.000,0.000,26.360,1000.680,105.150,46.150,0.000,0.200,0.630,-0.270,0.040,0.990,-0.090,0.000,23.020,0.000,0.000
1684838646267,0.000,0.000,26.370,1000.720,104.880,46.150,0.000,0.380,-0.030,-0.290,0.030,0.990,-0.090,0.000,23.420,0.000,0.000
1684838646424,0.000,0.000,26.370,1000.740,104.700,46.170,0.000,0.020,0.090,0.200,0.040,0.990,-0.090,0.000,23.020,0.000,0.000
1684838646582,0.000,0.000,26.360,1000.660,105.110,46.150,0.000,-0.360,-0.430,-0.010,0.040,0.990,-0.080,0.000,23.020,0.000,0.000
1684838646738,0.000,0.000,26.370,1000.690,105.080,46.170,0.000,0.020,-0.140,0.550,0.040,0.990,-0.090,0.000,23.420,0.000,0.000
1684838646896,0.000,0.000,26.370,1000.720,104.850,46.170,0.000,-0.500,-0.110,0.060,0.040,0.990,-0.090,0.000,23.420,0.000,0.000
1684838647053,0.000,0.000,26.370,1000.680,105.160,46.170,0.000,-0.200,-0.210,-0.090,0.040,0.990,-0.090,0.000,23.420,0.000,0.000
1684838647210,0.000,0.000,26.370,1000.680,105.190,46.170,0.000,-0.270,-0.470,0.170,0.040,0.990,-0.090,0.000,23.420,0.000,0.000
1684838647367,0.000,0.000,26.370,1000.720,104.810,46.170,0.000,0.310,0.290,-0.040,0.040,0.990,-0.090,0.000,23.420,0.000,0.000
1684838647525,0.000,0.000,26.370,1000.700,105.000,46.160,0.000,-0.240,-0.400,-0.130,0.040,0.990,-0.090,0.000,23.020,0.000,0.000
1684838647682,0.000,0.000,26.370,1000.730,104.730,46.170,0.000,0.190,0.000,0.260,0.040,0.990,-0.090,0.000,23.810,0.000,0.000
1684838647838,0.000,0.000,26.370,1000.690,105.080,46.170,0.000,0.350,-0.380,0.140,0.040,0.990,-0.090,0.000,24.210,0.000,0.000
1684838647996,0.000,0.000,26.370,1000.720,104.810,46.170,0.000,-0.360,-0.470,0.080,0.040,0.990,-0.090,0.000,23.420,0.000,0.000
1684838648153,0.000,0.000,26.370,1000.710,104.960,46.170,0.000,-0.320,0.230,0.250,0.040,0.990,-0.100,0.000,23.420,0.000,0.000
1684838648310,0.000,0.000,26.370,1000.720,104.850,46.170,0.000,-0.100,-0.120,-0.180,0.040,0.990,-0.090,0.000,23.020,0.000,0.000
1684838648467,0.000,0.000,26.370,1000.690,105.080,46.170,0.000,0.090,0.660,-0.060,0.040,0.990,-0.090,0.000,23.020,0.000,0.000
1684838648625,0.000,0.000,26.370,1000.690,105.080,46.180,0.000,-0.100,0.340,-0.150,0.040,0.980,-0.090,0.000,22.620,0.000,0.000
1684838648781,0.000,0.000,26.370,1000.690,105.110,46.180,0.000,0.340,-0.610,0.370,0.040,0.990,-0.090,0.000,23.810,0.000,0.000
1684838648939,0.000,0.000,26.370,1000.710,104.920,46.190,0.000,0.000,-0.290,-0.290,0.040,0.990,-0.090,0.000,23.420,0.000,0.000
1684838649096,0.000,0.000,26.370,1000.700,105.000,46.160,0.000,-0.500,-0.690,0.130,0.040,0.990,-0.100,0.000,23.020,0.000,0.000
1684838649253,0.000,0.000,26.360,1000.710,104.950,46.180,0.000,0.030,0.530,-0.070,0.040,0.990,-0.080,0.000,23.420,0.000,0.000
1684838649410,0.000,0.000,26.360,1000.670,105.260,46.180,0.000,-0.010,0.560,-0.130,0.040,0.990,-0.090,0.000,23.020,0.000,0.000
1684838649567,0.000,0.000,26.360,1000.670,105.290,46.160,0.000,-0.140,0.500,0.080,0.050,1.000,-0.090,0.000,23.020,0.000,0.000
1684838649725,0.000,0.000,26.360,1000.660,105.370,46.160,0.000,-0.360,-0.460,-0.160,0.040,0.990,-0.090,0.000,23.020,0.000,0.000
1684838649882,0.000,0.000,26.360,1000.700,105.030,46.160,0.000,0.110,0.350,-0.550,0.040,0.990,-0.100,0.000,23.020,0.000,0.000
1684838650039,0.000,0.000,26.370,1000.720,104.850,46.170,0.000,0.170,-0.110,0.290,0.050,0.990,-0.090,0.000,23.420,0.000,0.000
1684838650196,0.000,0.000,26.370,1000.690,105.110,46.160,0.000,0.350,-0.290,0.030,0.040,1.000,-0.090,0.000,23.020,0.000,0.000
1684838650353,0.000,0.000,26.360,1000.630,105.600,46.180,0.000,0.000,-0.120,-0.180,0.040,0.990,-0.100,0.000,23.420,0.000,0.000
1684838650511,0.000,0.000,26.370,1000.690,105.110,46.180,0.000,-0.030,-0.290,-0.320,0.040,1.000,-0.100,0.000,23.420,0.000,0.000
1684838650668,0.000,0.000,26.360,1000.680,105.150,46.190,0.000,0.000,0.660,0.030,0.040,0.980,-0.090,0.000,23.020,0.000,0.000
1684838650824,0.000,0.000,26.370,1000.680,105.230,46.180,0.000,0.720,0.200,-0.200,0.040,0.990,-0.100,0.000,23.810,0.000,0.000
1684838650982,0.000,0.000,26.370,1000.690,105.110,46.160,0.000,-0.670,-0.460,0.250,0.040,0.990,-0.090,0.000,23.020,0.000,0.000
1684838651139,0.000,0.000,26.370,1000.700,105.000,46.180,0.000,-0.530,-0.320,0.050,0.040,0.990,-0.090,0.000,23.420,0.000,0.000
1684838651296,0.000,0.000,26.360,1000.670,105.260,46.160,0.000,0.150,-0.260,0.520,0.030,0.990,-0.100,0.000,23.420,0.000,0.000
1684838651453,0.000,0.000,26.370,1000.660,105.340,46.160,0.000,-0.140,-0.310,0.000,0.040,0.990,-0.090,0.000,23.020,0.000,0.000
1684838651610,0.000,0.000,26.360,1000.670,105.260,46.160,0.000,0.150,0.470,-0.160,0.050,0.990,-0.090,0.000,23.020,0.000,0.000
1684838651768,0.000,0.000,26.360,1000.680,105.180,46.160,0.000,-0.240,-0.340,0.020,0.040,0.990,-0.100,0.000,23.020,0.000,0.000
1684838651925,0.000,0.000,26.370,1000.740,104.650,46.160,0.000,0.190,-0.400,0.340,0.040,0.980,-0.080,0.000,23.020,0.000,0.000
1684838652082,0.000,0.000,26.370,1000.650,105.450,46.160,0.000,0.190,0.090,0.140,0.050,0.990,-0.090,0.000,23.020,0.000,0.000
1684838652239,0.000,0.000,26.370,1000.680,105.230,46.160,0.000,0.060,-0.350,-0.090,0.040,1.000,-0.110,0.000,23.420,0.000,0.000
1684838652396,0.000,0.000,26.360,1000.670,105.260,46.160,0.000,0.380,0.240,0.030,0.040,1.000,-0.080,0.000,23.810,0.000,0.000
1684838652553,0.000,0.000,26.360,1000.720,104.840,46.160,0.000,0.000,-0.610,0.450,0.040,0.990,-0.090,0.000,23.420,0.000,0.000
1684838652711,0.000,0.000,26.360,1000.660,105.370,46.160,0.000,-0.640,-0.530,0.810,0.040,0.990,-0.090,0.000,28.170,0.000,0.000
1684838652868,0.000,0.000,26.370,1000.680,105.230,46.160,0.000,0.510,0.230,0.130,0.040,0.990,-0.090,0.000,23.020,0.000,0.000
1684838653025,0.000,0.000,26.370,1000.730,104.770,46.180,0.000,0.000,-0.470,0.460,0.040,0.990,-0.100,0.000,23.020,0.000,0.000
1684838653182,0.000,0.000,26.370,1000.690,105.080,46.170,0.000,0.030,-0.120,-0.180,0.040,0.990,-0.090,0.000,23.020,0.000,0.000
1684838653339,0.000,0.000,26.370,1000.680,105.190,46.170,0.000,0.230,-0.060,0.080,0.040,0.990,-0.090,0.000,23.420,0.000,0.000
1684838653496,0.000,0.000,26.370,1000.700,105.000,46.160,0.000,0.340,0.350,0.060,0.040,0.980,-0.090,0.000,23.420,0.000,0.000
1684838653653,0.000,0.000,26.360,1000.710,104.920,46.160,0.000,0.340,-0.380,0.220,0.040,0.990,-0.090,0.000,23.420,0.000,0.000
1684838653811,0.000,0.000,26.370,1000.690,105.110,46.150,0.000,-0.390,-0.320,0.340,0.040,0.990,-0.100,0.000,23.810,0.000,0.000
1684838653968,0.000,0.000,26.370,1000.720,104.880,46.160,0.000,-0.290,-0.110,-0.230,0.040,0.990,-0.090,0.000,23.020,0.000,0.000
1684838654125,0.000,0.000,26.370,1000.690,105.110,46.150,0.000,-0.460,-0.240,0.060,0.040,0.990,-0.090,0.000,23.420,0.000,0.000
1684838654282,0.000,0.000,26.370,1000.720,104.850,46.170,0.000,-0.260,0.490,-0.070,0.040,0.990,-0.100,0.000,23.420,0.000,0.000
1684838654440,0.000,0.000,26.370,1000.670,105.300,46.150,0.000,-0.350,-0.320,0.170,0.040,0.990,-0.090,0.000,23.020,0.000,0.000
1684838654597,0.000,0.000,26.370,1000.740,104.650,46.160,0.000,-0.520,-0.580,-0.130,0.040,0.990,-0.100,0.000,23.420,0.000,0.000
1684838654753,0.000,0.000,26.370,1000.720,104.850,46.150,0.000,0.220,-0.440,0.250,0.040,0.990,-0.080,0.000,23.810,0.000,0.000
1684838654911,0.000,0.000,26.370,1000.730,104.730,46.150,0.000,0.250,-0.350,-0.230,0.040,0.990,-0.090,0.000,23.020,0.000,0.000
1684838655068,0.000,0.000,26.370,1000.700,105.000,46.160,0.000,0.310,-0.270,0.340,0.040,0.990,-0.090,0.000,23.020,0.000,0.000
1684838655225,0.000,0.000,26.370,1000.700,105.000,46.150,0.000,-0.290,-0.310,-0.030,0.040,0.980,-0.080,0.000,23.420,0.000,0.000
1684838655382,0.000,0.000,26.360,1000.730,104.540,46.160,0.000,0.340,0.310,0.030,0.050,0.980,-0.090,0.000,23.420,0.000,0.000
1684838655540,0.000,0.000,26.360,1000.710,104.920,46.150,0.000,-0.580,-0.430,0.000,0.050,0.990,-0.090,0.000,23.020,0.000,0.000
1684838655697,0.000,0.000,26.360,1000.680,105.150,46.150,0.000,-0.430,-0.270,0.130,0.040,0.990,-0.090,0.000,23.420,0.000,0.000
1684838655854,0.000,0.000,26.370,1000.690,105.110,46.150,0.000,-0.140,-0.260,-0.120,0.040,0.990,-0.100,0.000,23.810,0.000,0.000
1684838656011,0.000,0.000,26.360,1000.680,105.150,46.150,0.000,0.540,0.240,0.000,0.040,0.990,-0.090,0.000,23.020,0.000,0.000
1684838656168,0.000,0.000,26.370,1000.700,105.000,46.150,0.000,-0.430,-0.560,-0.130,0.040,1.000,-0.090,0.000,23.420,0.000,0.000
1684838656325,0.000,0.000,26.370,1000.720,104.850,46.140,0.000,-0.290,-0.210,0.000,0.040,0.990,-0.090,0.000,23.420,0.000,0.000
1684838656482,0.000,0.000,26.370,1000.690,105.110,46.150,0.000,0.310,0.470,0.050,0.040,0.980,-0.090,0.000,23.020,0.000,0.000
1684838656640,0.000,0.000,26.370,1000.690,105.110,46.150,0.000,-0.430,-0.470,-0.420,0.040,0.990,-0.090,0.000,23.020,0.000,0.000
1684838656797,0.000,0.000,26.360,1000.700,105.030,46.140,0.000,-0.140,0.150,0.140,0.040,0.990,-0.080,0.000,23.020,0.000,0.000
1684838656954,0.000,0.000,26.360,1000.670,105.260,46.140,0.000,0.110,0.500,0.310,0.050,0.990,-0.090,0.000,23.020,0.000,0.000
1684838657111,0.000,0.000,26.360,1000.710,104.920,46.150,0.000,-0.170,-0.260,0.340,0.040,0.990,-0.090,0.000,23.420,0.000,0.000
1684838657268,0.000,0.000,26.360,1000.700,105.030,46.140,0.000,-0.260,-0.550,-0.150,0.040,0.990,-0.090,0.000,24.210,0.000,0.000
1684838657426,0.000,0.000,26.370,1000.660,105.340,46.140,0.000,-0.760,-0.380,0.110,0.040,1.000,-0.090,0.000,23.020,0.000,0.000
1684838657583,0.000,0.000,26.370,1000.720,104.850,46.140,0.000,-0.470,0.140,-0.210,0.040,0.990,-0.090,0.000,24.210,0.000,0.000
1684838657740,0.000,0.000,26.370,1000.720,104.880,46.130,0.000,0.140,0.380,-0.410,0.040,0.990,-0.100,0.000,23.020,0.000,0.000
1684838657897,0.000,0.000,26.370,1000.720,104.850,46.140,0.000,-0.410,0.410,-0.060,0.040,0.990,-0.090,0.000,23.810,0.000,0.000
1684838658054,0.000,0.000,26.370,1000.720,104.880,46.140,0.000,0.220,-0.610,0.050,0.040,0.990,-0.100,0.000,23.420,0.000,0.000
1684838658211,0.000,0.000,26.370,1000.720,104.880,46.140,0.000,-0.200,-0.470,0.250,0.040,0.990,-0.090,0.000,23.420,0.000,0.000
1684838658369,0.000,0.000,26.370,1000.700,105.000,46.130,0.000,-0.060,-0.080,0.220,0.030,0.990,-0.090,0.000,23.020,0.000,0.000
1684838658526,0.000,0.000,26.370,1000.660,105.340,46.130,0.000,0.310,0.410,0.160,0.050,0.990,-0.090,0.000,23.420,0.000,0.000
1684838658683,0.000,0.000,26.370,1000.720,104.880,46.140,0.000,-0.240,-0.350,0.200,0.040,0.990,-0.090,0.000,23.420,0.000,0.000
1684838658840,0.000,0.000,26.370,1000.720,104.850,46.130,0.000,0.030,0.090,-0.070,0.040,0.990,-0.090,0.000,23.420,0.000,0.000
1684838658997,0.000,0.000,26.360,1000.670,105.260,46.130,0.000,0.190,0.240,0.190,0.040,0.990,-0.090,0.000,23.020,0.000,0.000
1684838659154,0.000,0.000,26.370,1000.700,105.000,46.130,0.000,0.400,-0.060,-0.070,0.030,0.990,-0.090,0.000,23.420,0.000,0.000
1684838659311,0.000,0.000,26.370,1000.690,105.080,46.130,0.000,0.190,0.150,0.080,0.050,0.990,-0.090,0.000,23.020,0.000,0.000
1684838659468,0.000,0.000,26.370,1000.690,105.080,46.120,0.000,0.550,0.730,-0.120,0.040,0.990,-0.090,0.000,23.420,0.000,0.000
1684838659626,0.000,0.000,26.370,1000.680,105.230,46.130,0.000,-0.210,-0.030,0.090,0.040,0.990,-0.090,0.000,23.810,0.000,0.000
1684838659783,0.000,0.000,26.370,1000.690,105.110,46.120,0.000,0.510,-0.060,-0.210,0.040,0.990,-0.090,0.000,23.810,0.000,0.000
1684838659940,0.000,0.000,26.370,1000.700,105.000,46.120,0.000,0.260,0.140,0.190,0.040,0.990,-0.090,0.000,23.020,0.000,0.000
1684838660097,0.000,0.000,26.370,1000.670,105.260,46.120,0.000,0.200,0.080,0.320,0.040,0.990,-0.090,0.000,23.020,0.000,0.000
1684838660254,0.000,0.000,26.370,1000.680,105.230,46.120,0.000,-0.200,-0.350,0.170,0.040,0.990,-0.080,0.000,23.420,0.000,0.000
1684838660411,0.000,0.000,26.370,1000.680,105.190,46.120,0.000,-0.330,0.020,0.020,0.050,0.990,-0.090,0.000,23.020,0.000,0.000
1684838660569,0.000,0.000,26.370,1000.650,105.420,46.120,0.000,-0.210,0.140,-0.150,0.040,0.990,-0.100,0.000,23.420,0.000,0.000
1684838660726,0.000,0.000,26.370,1000.680,105.230,46.110,0.000,-0.090,-0.210,0.570,0.040,1.000,-0.090,0.000,23.020,0.000,0.000
1684838660883,0.000,0.000,26.370,1000.670,105.300,46.110,0.000,-0.060,-0.180,-0.100,0.040,0.990,-0.090,0.000,23.020,0.000,0.000
1684838661040,0.000,0.000,26.370,1000.700,105.040,46.110,0.000,-0.070,0.140,-0.300,0.030,0.990,-0.100,0.000,23.420,0.000,0.000
1684838661197,0.000,0.000,26.370,1000.700,105.040,46.110,0.000,0.340,0.350,0.250,0.050,0.990,-0.100,0.000,23.020,0.000,0.000
1684838661354,0.000,0.000,26.370,1000.710,104.960,46.110,0.000,-0.120,0.310,0.400,0.040,0.980,-0.100,0.000,23.420,0.000,0.000
1684838661511,0.000,0.000,26.370,1000.690,105.080,46.110,0.000,-0.410,0.080,0.170,0.040,0.990,-0.100,0.000,23.020,0.000,0.000
1684838661668,0.000,0.000,26.370,1000.690,105.080,46.100,0.000,0.320,-0.180,0.230,0.040,0.990,-0.090,0.000,23.420,0.000,0.000
1684838661826,0.000,0.000,26.370,1000.730,104.770,46.040,0.000,0.000,0.400,-0.260,0.040,0.990,-0.100,0.000,23.420,0.000,0.000
1684838661983,0.000,0.000,26.370,1000.730,104.730,46.100,0.000,0.150,-0.020,-0.060,0.040,0.990,-0.090,0.000,23.020,0.000,0.000
1684838662140,0.000,0.000,26.370,1000.740,104.700,46.100,0.000,0.080,-0.690,0.130,0.050,0.990,-0.100,0.000,23.420,0.000,0.000
1684838662297,0.000,0.000,26.370,1000.720,104.850,46.100,0.000,-0.290,-0.270,0.110,0.040,0.990,-0.100,0.000,23.020,0.000,0.000
1684838662455,0.000,0.000,26.370,1000.720,104.810,46.100,0.000,-0.170,-0.240,0.230,0.040,0.990,-0.100,0.000,23.420,0.000,0.000
1684838662612,0.000,0.000,26.370,1000.720,104.850,46.080,0.000,-0.330,-0.200,0.090,0.040,0.990,-0.090,0.000,23.420,0.000,0.000
1684838662769,0.000,0.000,26.370,1000.710,104.890,46.100,0.000,-0.870,-0.730,0.110,0.040,0.990,-0.100,0.000,23.420,0.000,0.000
1684838662926,0.000,0.000,26.370,1000.710,104.890,46.080,0.000,0.290,0.310,-0.060,0.040,0.990,-0.090,0.000,23.420,0.000,0.000
1684838663083,0.000,0.000,26.370,1000.690,105.110,46.080,0.000,-0.500,-0.180,0.110,0.030,0.990,-0.090,0.000,23.420,0.000,0.000
1684838663240,0.000,0.000,26.370,1000.720,104.850,46.080,0.000,-0.680,-0.490,0.290,0.040,1.000,-0.100,0.000,23.420,0.000,0.000
1684838663397,0.000,0.000,26.360,1000.680,105.150,46.080,0.000,0.200,-0.090,0.220,0.040,0.990,-0.100,0.000,23.810,0.000,0.000
1684838663555,0.000,0.000,26.370,1000.680,105.190,46.080,0.000,1.270,0.550,0.230,0.050,0.990,-0.090,0.000,23.420,0.000,0.000
1684838663712,0.000,0.000,26.370,1000.700,105.040,46.080,0.000,-0.010,-0.470,0.510,0.050,0.990,-0.100,0.000,23.420,0.000,0.000
1684838663869,0.000,0.000,26.370,1000.700,105.000,46.080,0.000,0.600,-0.060,-0.010,0.040,0.990,-0.100,0.000,23.020,0.000,0.000
1684838664026,0.000,0.000,26.370,1000.710,104.930,46.080,0.000,-0.610,-0.050,0.770,0.030,0.990,-0.100,0.000,23.420,0.000,0.000
1684838664183,0.000,0.000,26.360,1000.680,105.150,46.080,0.000,0.770,-0.020,0.220,0.040,0.990,-0.080,0.000,23.810,0.000,0.000
1684838664340,0.000,0.000,26.360,1000.640,105.520,46.070,0.000,-0.030,0.120,0.030,0.040,0.990,-0.080,0.000,23.420,0.000,0.000
1684838664497,0.000,0.000,26.380,1000.720,104.860,46.070,0.000,-0.200,0.120,0.280,0.040,0.990,-0.100,0.000,23.810,0.000,0.000
1684838664655,0.000,0.000,26.370,1000.690,105.080,46.070,0.000,0.480,0.080,0.460,0.040,0.990,-0.100,0.000,23.020,0.000,0.000
1684838664812,0.000,0.000,26.370,1000.680,105.230,46.070,0.000,0.380,-0.060,0.030,0.040,0.990,-0.090,0.000,23.020,0.000,0.000
1684838664969,0.000,0.000,26.360,1000.680,105.150,46.070,0.000,0.830,0.640,0.170,0.040,0.990,-0.090,0.000,23.020,0.000,0.000
1684838665126,0.000,0.000,26.370,1000.660,105.340,46.070,0.000,-0.350,-0.500,-0.120,0.050,0.990,-0.090,0.000,23.020,0.000,0.000
1684838665283,0.000,0.000,26.360,1000.640,105.490,46.070,0.000,0.080,0.060,-0.130,0.040,0.990,-0.110,0.000,23.020,0.000,0.000
1684838665440,0.000,0.000,26.370,1000.650,105.420,46.070,0.000,-0.230,0.600,0.050,0.040,0.990,-0.090,0.000,23.020,0.000,0.000
1684838665598,0.000,0.000,26.370,1000.660,105.340,46.070,0.000,-1.070,-1.020,-0.100,0.040,1.000,-0.080,0.000,23.020,0.000,0.000
1684838665754,0.000,0.000,26.370,1000.650,105.450,46.070,0.000,-0.170,0.470,0.260,0.040,0.990,-0.110,0.000,23.020,0.000,0.000
1684838665912,0.000,0.000,26.370,1000.680,105.190,46.080,0.000,-0.330,-0.260,0.350,0.040,0.980,-0.090,0.000,23.020,0.000,0.000
1684838666069,0.000,0.000,26.370,1000.680,105.230,46.070,0.000,0.120,-0.110,0.130,0.040,0.980,-0.100,0.000,23.420,0.000,0.000
1684838666226,0.000,0.000,26.370,1000.720,104.880,46.070,0.000,-0.270,0.610,-0.270,0.040,0.980,-0.100,0.000,23.420,0.000,0.000
1684838666383,0.000,0.000,26.370,1000.700,105.000,46.070,0.000,0.310,0.310,0.160,0.040,0.990,-0.090,0.000,23.420,0.000,0.000
1684838666540,0.000,0.000,26.360,1000.660,105.370,46.100,0.000,0.170,0.700,-0.060,0.040,0.990,-0.100,0.000,23.420,0.000,0.000
1684838666698,0.000,0.000,26.370,1000.710,104.960,46.070,0.000,0.540,0.460,0.130,0.040,0.990,-0.090,0.000,23.810,0.000,0.000
1684838666855,0.000,0.000,26.370,1000.690,105.110,46.070,0.000,-0.060,-0.060,0.320,0.040,0.990,-0.100,0.000,23.420,0.000,0.000
1684838667012,0.000,0.000,26.370,1000.710,104.960,46.070,0.000,0.510,0.350,-0.260,0.040,0.990,-0.090,0.000,23.020,0.000,0.000
1684838667169,0.000,0.000,26.370,1000.660,105.340,46.070,0.000,0.190,0.210,0.190,0.040,0.990,-0.100,0.000,23.020,0.000,0.000
1684838667326,0.000,0.000,26.370,1000.690,105.080,46.070,0.000,-0.170,-0.020,-0.180,0.040,0.990,-0.090,0.000,23.420,0.000,0.000
1684838667484,0.000,0.000,26.370,1000.680,105.160,46.070,0.000,-0.530,-0.530,0.200,0.040,0.990,-0.100,0.000,23.020,0.000,0.000
1684838667640,0.000,0.000,26.370,1000.660,105.340,46.070,0.000,-0.140,0.200,0.200,0.040,0.990,-0.080,0.000,23.420,0.000,0.000
1684838667798,0.000,0.000,26.370,1000.650,105.420,46.070,0.000,0.290,-0.090,0.030,0.040,0.990,-0.090,0.000,23.420,0.000,0.000
1684838667955,0.000,0.000,26.370,1000.680,105.230,46.070,0.000,-0.260,-0.410,0.630,0.040,1.000,-0.080,0.000,23.420,0.000,0.000
1684838668112,0.000,0.000,26.360,1000.670,105.260,46.070,0.000,0.150,-0.320,0.370,0.040,0.990,-0.090,0.000,23.420,0.000,0.000
1684838668269,0.000,0.000,26.370,1000.660,105.340,46.070,0.000,0.350,0.260,-0.100,0.040,0.990,-0.100,0.000,22.620,0.000,0.000
1684838668426,0.000,0.000,26.370,1000.710,104.960,46.070,0.000,-0.670,-0.640,0.580,0.040,0.990,-0.090,0.000,23.020,0.000,0.000
1684838668584,0.000,0.000,26.370,1000.680,105.190,46.070,0.000,-0.330,-0.240,-0.520,0.030,1.000,-0.090,0.000,23.420,0.000,0.000
1684838668741,0.000,0.000,26.370,1000.690,105.080,46.070,0.000,-0.040,0.050,-0.240,0.040,0.990,-0.110,0.000,23.420,0.000,0.000
1684838668898,0.000,0.000,26.370,1000.640,105.500,46.080,0.000,1.910,1.420,0.450,0.030,0.990,-0.100,0.000,23.420,0.000,0.000
1684838669055,0.000,0.000,26.370,1000.680,105.230,46.070,0.000,-0.410,0.170,0.610,0.040,1.000,-0.100,0.000,23.020,0.000,0.000
1684838669212,0.000,0.000,26.370,1000.680,105.230,46.070,0.000,-0.200,-0.810,0.030,0.040,0.990,-0.080,0.000,23.810,0.000,0.000
1684838669369,0.000,0.000,26.370,1000.660,105.340,46.070,0.000,0.080,-0.030,0.080,0.040,0.990,-0.090,0.000,24.210,0.000,0.000
1684838669526,0.000,0.000,26.380,1000.710,104.970,46.070,0.000,0.120,0.750,-0.120,0.040,0.990,-0.090,0.000,23.020,0.000,0.000
1684838669684,0.000,0.000,26.370,1000.680,105.190,46.070,0.000,-0.500,-0.660,0.200,0.050,0.990,-0.090,0.000,22.620,0.000,0.000
1684838669841,0.000,0.000,26.370,1000.620,105.680,46.070,0.000,-0.100,-0.340,-0.010,0.040,0.990,-0.090,0.000,23.420,0.000,0.000
1684838669998,0.000,0.000,26.360,1000.670,105.290,46.080,0.000,-0.150,0.020,0.260,0.040,0.990,-0.090,0.000,23.020,0.000,0.000
1684838670155,0.000,0.000,26.370,1000.660,105.340,46.080,0.000,-0.270,-0.150,0.370,0.040,0.990,-0.090,0.000,23.020,0.000,0.000
1684838670312,0.000,0.000,26.370,1000.680,105.230,46.080,0.000,-0.060,0.440,-0.450,0.050,0.990,-0.110,0.000,23.020,0.000,0.000
1684838670469,0.000,0.000,26.360,1000.730,104.800,46.080,0.000,0.090,-0.430,0.160,0.040,0.990,-0.090,0.000,23.420,0.000,0.000
1684838670627,0.000,0.000,26.370,1000.700,105.000,46.080,0.000,-0.270,-0.090,-0.160,0.040,0.990,-0.090,0.000,23.020,0.000,0.000
1684838670784,0.000,0.000,26.360,1000.670,105.260,46.090,0.000,-0.230,-0.210,0.030,0.040,0.990,-0.090,0.000,23.420,0.000,0.000
1684838670941,0.000,0.000,26.360,1000.700,105.030,46.090,0.000,0.050,0.320,0.420,0.040,0.990,-0.090,0.000,22.620,0.000,0.000
1684838671098,0.000,0.000,26.370,1000.650,105.450,46.080,0.000,0.110,-0.440,0.250,0.040,0.990,-0.100,0.000,23.020,0.000,0.000
1684838671255,0.000,0.000,26.370,1000.720,104.880,46.080,0.000,0.080,0.430,0.220,0.040,0.990,-0.100,0.000,23.420,0.000,0.000
1684838671412,0.000,0.000,26.370,1000.680,105.230,46.090,0.000,0.110,-0.240,0.350,0.040,0.990,-0.090,0.000,23.020,0.000,0.000
1684838671569,0.000,0.000,26.370,1000.650,105.420,46.100,0.000,0.110,-0.350,0.170,0.040,0.990,-0.100,0.000,23.020,0.000,0.000
1684838671727,0.000,0.000,26.370,1000.690,105.110,46.090,0.000,-0.120,0.030,-0.070,0.040,0.990,-0.090,0.000,22.620,0.000,0.000
1684838671884,0.000,0.000,26.370,1000.680,105.190,46.100,0.000,0.260,-0.320,0.220,0.040,0.990,-0.090,0.000,23.020,0.000,0.000
1684838672041,0.000,0.000,26.370,1000.720,104.850,46.110,0.000,0.230,-0.240,0.540,0.040,0.990,-0.090,0.000,23.420,0.000,0.000
1684838672198,0.000,0.000,26.370,1000.680,105.230,46.110,0.000,-0.140,-0.350,0.220,0.040,0.990,-0.090,0.000,23.420,0.000,0.000
1684838672355,0.000,0.000,26.370,1000.690,105.110,46.110,0.000,-0.030,0.460,0.060,0.040,0.990,-0.090,0.000,23.020,0.000,0.000
1684838672512,0.000,0.000,26.370,1000.690,105.110,46.110,0.000,0.030,-0.170,0.230,0.040,0.990,-0.090,0.000,23.420,0.000,0.000
1684838672669,0.000,0.000,26.370,1000.740,104.650,46.110,0.000,0.230,-0.460,0.160,0.040,0.990,-0.090,0.000,23.420,0.000,0.000
1684838672827,0.000,0.000,26.360,1000.640,105.520,46.110,0.000,-0.390,-0.270,-0.070,0.040,0.990,-0.100,0.000,23.420,0.000,0.000
1684838672984,0.000,0.000,26.360,1000.670,105.290,46.120,0.000,0.260,-0.140,0.340,0.040,0.990,-0.090,0.000,23.020,0.000,0.000
1684838673141,0.000,0.000,26.370,1000.690,105.080,46.120,0.000,0.000,-0.410,0.160,0.040,0.990,-0.100,0.000,23.420,0.000,0.000
1684838673298,0.000,0.000,26.360,1000.640,105.520,46.120,0.000,0.000,0.260,-0.130,0.040,0.990,-0.090,0.000,23.420,0.000,0.000
1684838673455,0.000,0.000,26.360,1000.640,105.490,46.120,0.000,-0.240,0.380,0.160,0.040,0.990,-0.090,0.000,23.810,0.000,0.000
1684838673612,0.000,0.000,26.370,1000.660,105.340,46.120,0.000,0.540,0.000,-0.120,0.040,0.990,-0.100,0.000,23.420,0.000,0.000
1684838673769,0.000,0.000,26.370,1000.720,104.880,46.120,0.000,0.310,-0.500,0.320,0.040,0.990,-0.100,0.000,23.420,0.000,0.000
1684838673927,0.000,0.000,26.370,1000.690,105.080,46.120,0.000,0.090,0.180,0.450,0.040,0.990,-0.100,0.000,23.020,0.000,0.000
1684838674084,0.000,0.000,26.360,1000.690,105.070,46.130,0.000,-0.150,-0.110,0.060,0.040,0.990,-0.100,0.000,23.810,0.000,0.000
1684838674241,0.000,0.000,26.370,1000.700,105.000,46.120,0.000,0.000,-0.080,0.110,0.040,0.980,-0.100,0.000,23.420,0.000,0.000
1684838674398,0.000,0.000,26.370,1000.650,105.420,46.130,0.000,0.110,0.110,-0.520,0.040,0.990,-0.090,0.000,23.020,0.000,0.000
1684838674555,0.000,0.000,26.370,1000.660,105.340,46.130,0.000,0.120,0.410,-0.070,0.040,0.990,-0.090,0.000,23.420,0.000,0.000
1684838674712,0.000,0.000,26.370,1000.690,105.110,46.130,0.000,0.520,-0.080,0.230,0.040,0.990,-0.090,0.000,23.420,0.000,0.000
1684838674870,0.000,0.000,26.370,1000.640,105.530,46.130,0.000,-0.390,-0.140,-0.010,0.040,0.990,-0.090,0.000,23.420,0.000,0.000
1684838675027,0.000,0.000,26.370,1000.690,105.110,46.130,0.000,-0.300,-0.150,0.540,0.030,0.990,-0.090,0.000,23.420,0.000,0.000
1684838675184,0.000,0.000,26.360,1000.650,105.410,46.130,0.000,-0.090,-0.260,0.140,0.050,0.990,-0.090,0.000,23.420,0.000,0.000
1684838675341,0.000,0.000,26.360,1000.670,105.260,46.120,0.000,-0.500,0.310,-0.260,0.040,0.990,-0.090,0.000,23.420,0.000,0.000
1684838675499,0.000,0.000,26.370,1000.700,105.040,46.130,0.000,0.090,-0.180,-0.270,0.040,0.980,-0.100,0.000,23.420,0.000,0.000
1684838675656,0.000,0.000,26.360,1000.700,105.030,46.130,0.000,-0.330,-0.210,0.080,0.040,0.990,-0.100,0.000,23.020,0.000,0.000
1684838675813,0.000,0.000,26.370,1000.700,105.000,46.130,0.000,-0.230,-0.150,0.670,0.040,0.990,-0.090,0.000,23.020,0.000,0.000
1684838675970,0.000,0.000,26.360,1000.730,104.800,46.130,0.000,-0.520,0.110,0.260,0.040,0.990,-0.090,0.000,23.420,0.000,0.000
1684838676127,0.000,0.000,26.360,1000.670,105.260,46.140,0.000,-0.210,-0.270,0.130,0.040,0.990,-0.090,0.000,23.420,0.000,0.000
1684838676284,0.000,0.000,26.360,1000.700,105.030,46.140,0.000,0.430,-0.180,0.220,0.040,0.990,-0.090,0.000,23.020,0.000,0.000
1684838676442,0.000,0.000,26.360,1000.640,105.490,46.140,0.000,-0.460,-0.400,0.260,0.040,0.990,-0.090,0.000,23.420,0.000,0.000
1684838676598,0.000,0.000,26.360,1000.700,105.030,46.140,0.000,0.510,0.020,-0.040,0.040,0.990,-0.090,0.000,23.020,0.000,0.000
1684838676756,0.000,0.000,26.360,1000.660,105.370,46.140,0.000,-0.230,0.050,0.220,0.040,0.990,-0.090,0.000,23.020,0.000,0.000
1684838676913,0.000,0.000,26.370,1000.680,105.230,46.140,0.000,-0.240,-0.660,-0.060,0.040,0.990,-0.090,0.000,23.420,0.000,0.000
1684838677070,0.000,0.000,26.370,1000.690,105.080,46.140,0.000,0.440,0.120,0.090,0.040,0.990,-0.090,0.000,23.020,0.000,0.000
1684838677227,0.000,0.000,26.360,1000.680,105.150,46.140,0.000,-0.290,0.050,0.190,0.040,0.990,-0.100,0.000,23.420,0.000,0.000
1684838677385,0.000,0.000,26.360,1000.680,105.150,46.140,0.000,-0.320,0.430,-0.100,0.040,0.990,-0.100,0.000,23.020,0.000,0.000
1684838677542,0.000,0.000,26.360,1000.660,105.370,46.140,0.000,-0.440,-0.170,0.190,0.040,0.990,-0.100,0.000,23.420,0.000,0.000
1684838677699,0.000,0.000,26.360,1000.670,105.290,46.130,0.000,0.140,0.370,-0.060,0.040,0.990,-0.090,0.000,23.020,0.000,0.000
1684838677856,0.000,0.000,26.360,1000.700,105.030,46.140,0.000,0.480,0.340,0.080,0.040,0.980,-0.100,0.000,23.420,0.000,0.000
1684838678013,0.000,0.000,26.360,1000.670,105.260,46.150,0.000,-0.060,-0.210,0.480,0.040,0.990,-0.100,0.000,23.020,0.000,0.000
1684838678170,0.000,0.000,26.370,1000.690,105.110,46.140,0.000,-0.750,0.270,0.130,0.040,0.990,-0.090,0.000,23.020,0.000,0.000
1684838678327,0.000,0.000,26.370,1000.680,105.190,46.150,0.000,0.510,0.050,0.030,0.040,0.990,-0.090,0.000,23.020,0.000,0.000
1684838678485,0.000,0.000,26.370,1000.700,105.040,46.150,0.000,-0.430,-0.640,0.190,0.040,0.990,-0.090,0.000,22.230,0.000,0.000
1684838678641,0.000,0.000,26.370,1000.700,105.000,46.150,0.000,0.090,-0.180,0.170,0.040,0.980,-0.090,0.000,23.420,0.000,0.000
1684838678799,0.000,0.000,26.370,1000.730,104.730,46.150,0.000,-0.440,-0.150,0.140,0.040,0.990,-0.090,0.000,24.210,0.000,0.000
1684838678956,0.000,0.000,26.370,1000.680,105.190,46.150,0.000,-0.700,-0.210,0.220,0.040,0.990,-0.090,0.000,23.420,0.000,0.000
1684838679113,0.000,0.000,26.370,1000.680,105.190,46.150,0.000,0.260,-0.350,0.170,0.040,0.990,-0.100,0.000,23.020,0.000,0.000
1684838679270,0.000,0.000,26.370,1000.650,105.450,46.150,0.000,0.230,0.260,0.490,0.040,0.990,-0.100,0.000,23.810,0.000,0.000
1684838679428,0.000,0.000,26.370,1000.680,105.230,46.150,0.000,-0.100,-0.660,0.350,0.040,0.990,-0.100,0.000,23.020,0.000,0.000
1684838679584,0.000,0.000,26.370,1000.650,105.420,46.150,0.000,-0.290,0.490,0.020,0.040,0.990,-0.100,0.000,23.020,0.000,0.000
1684838679742,0.000,0.000,26.370,1000.660,105.340,46.150,0.000,0.230,0.090,0.060,0.050,0.990,-0.100,0.000,23.420,0.000,0.000
1684838679899,0.000,0.000,26.370,1000.660,105.340,46.160,0.000,-0.240,0.020,0.020,0.040,0.990,-0.090,0.000,23.420,0.000,0.000
1684838680056,0.000,0.000,26.370,1000.690,105.110,46.200,0.000,0.570,0.090,-0.060,0.040,0.990,-0.090,0.000,23.020,0.000,0.000
1684838680213,0.000,0.000,26.370,1000.650,105.420,46.170,0.000,0.370,0.320,0.110,0.040,0.990,-0.090,0.000,22.620,0.000,0.000
1684838680370,0.000,0.000,26.370,1000.640,105.530,46.170,0.000,0.260,0.290,0.230,0.040,0.980,-0.090,0.000,23.020,0.000,0.000
1684838680528,0.000,0.000,26.370,1000.670,105.300,46.170,0.000,-0.170,-0.410,0.230,0.040,0.990,-0.090,0.000,22.230,0.000,0.000
1684838680685,0.000,0.000,26.370,1000.650,105.420,46.170,0.000,0.400,0.610,0.090,0.040,0.990,-0.090,0.000,22.620,0.000,0.000
1684838680842,0.000,0.000,26.370,1000.690,105.120,46.170,0.000,-0.390,0.080,0.320,0.040,0.990,-0.090,0.000,23.420,0.000,0.000
1684838680999,0.000,0.000,26.370,1000.680,105.160,46.170,0.000,-0.170,0.200,0.220,0.040,0.990,-0.100,0.000,23.020,0.000,0.000
1684838681156,0.000,0.000,26.370,1000.660,105.380,46.170,0.000,0.200,-0.430,0.250,0.040,0.990,-0.090,0.000,23.420,0.000,0.000
1684838681313,0.000,0.000,26.370,1000.670,105.270,46.170,0.000,-0.240,-0.350,0.190,0.040,0.990,-0.090,0.000,23.420,0.000,0.000
1684838681470,0.000,0.000,26.370,1000.700,105.040,46.170,0.000,0.600,-0.260,0.050,0.040,0.990,-0.100,0.000,22.620,0.000,0.000
1684838681628,0.000,0.000,26.370,1000.700,105.040,46.180,0.000,-0.070,-0.470,-0.010,0.040,0.990,-0.100,0.000,23.810,0.000,0.000
1684838681785,0.000,0.000,26.370,1000.750,104.590,46.170,0.000,0.110,0.170,0.030,0.040,0.990,-0.090,0.000,23.020,0.000,0.000
1684838681942,0.000,0.000,26.370,1000.680,105.190,46.180,0.000,-0.330,0.580,0.310,0.050,0.990,-0.080,0.000,23.420,0.000,0.000
1684838682099,0.000,0.000,26.370,1000.680,105.190,46.180,0.000,-1.040,-0.720,0.800,0.030,0.990,-0.100,0.000,22.620,0.000,0.000
1684838682256,0.000,0.000,26.360,1000.660,105.370,46.180,0.000,-2.530,-0.930,0.980,0.040,0.990,-0.100,0.000,22.620,0.000,0.000
1684838682413,0.000,0.000,26.370,1000.680,105.160,46.200,0.000,5.390,4.760,-1.330,0.000,0.960,-0.210,0.000,23.810,0.000,0.000
1684838682571,0.000,0.000,26.370,1000.650,105.460,46.180,0.000,-2.170,-0.350,1.040,0.040,1.000,-0.080,0.000,22.620,0.000,0.000
1684838682728,0.000,0.000,26.370,1000.690,105.120,46.180,0.000,0.150,-0.050,-0.290,0.050,0.990,-0.070,0.000,23.420,0.000,0.000
1684838682885,0.000,0.000,26.370,1000.710,104.890,46.180,0.000,0.140,0.240,0.160,0.050,0.980,-0.090,0.000,23.020,0.000,0.000
1684838683042,0.000,0.000,26.370,1000.660,105.380,46.180,0.000,-0.990,-0.030,-0.270,0.040,0.980,-0.090,0.000,23.420,0.000,0.000
1684838683200,0.000,0.000,26.370,1000.690,105.080,46.190,0.000,-1.140,-0.200,-0.200,0.040,0.990,-0.080,0.000,23.420,0.000,0.000
1684838683357,0.000,0.000,26.380,1000.650,105.430,46.190,0.000,-0.150,-0.180,0.110,0.040,0.990,-0.090,0.000,23.810,0.000,0.000
1684838683514,0.000,0.000,26.370,1000.660,105.380,46.190,0.000,-0.530,-0.600,0.480,0.040,0.990,-0.100,0.000,23.020,0.000,0.000
1684838683671,0.000,0.000,26.370,1000.650,105.460,46.190,0.000,-0.260,0.180,0.000,0.040,0.990,-0.090,0.000,22.620,0.000,0.000
1684838683828,0.000,0.000,26.380,1000.680,105.200,46.180,0.000,-0.960,-0.850,0.310,0.050,0.990,-0.090,0.000,23.420,0.000,0.000
1684838683985,0.000,0.000,26.380,1000.690,105.090,46.190,0.000,0.840,0.350,-0.180,0.040,0.990,-0.090,0.000,23.020,0.000,0.000
1684838684142,0.000,0.000,26.370,1000.670,105.270,46.190,0.000,-0.260,0.310,0.080,0.040,0.990,-0.090,0.000,23.420,0.000,0.000
1684838684299,0.000,0.000,26.380,1000.690,105.090,46.190,0.000,0.250,-0.060,0.190,0.040,0.990,-0.090,0.000,23.810,0.000,0.000
1684838684456,0.000,0.000,26.370,1000.710,104.890,46.190,0.000,-0.500,0.230,0.230,0.040,0.980,-0.090,0.000,23.420,0.000,0.000
1684838684614,0.000,0.000,26.370,1000.680,105.160,46.190,0.000,-0.980,-0.120,0.520,0.030,0.990,-0.090,0.000,23.420,0.000,0.000
1684838684771,0.000,0.000,26.370,1000.720,104.850,46.190,0.000,0.150,-0.020,-0.350,0.040,0.990,-0.080,0.000,22.620,0.000,0.000
1684838684928,0.000,0.000,26.370,1000.710,104.890,46.190,0.000,0.030,-0.550,0.420,0.050,0.990,-0.090,0.000,23.020,0.000,0.000
1684838685085,0.000,0.000,26.380,1000.680,105.200,46.190,0.000,-0.500,0.180,-0.030,0.040,0.990,-0.090,0.000,23.810,0.000,0.000
1684838685242,0.000,0.000,26.370,1000.660,105.350,46.190,0.000,0.290,0.690,-0.090,0.040,0.990,-0.090,0.000,23.020,0.000,0.000
1684838685400,0.000,0.000,26.380,1000.710,104.940,46.200,0.000,0.090,0.550,0.110,0.040,0.990,-0.090,0.000,23.020,0.000,0.000
1684838685557,0.000,0.000,26.380,1000.690,105.090,46.190,0.000,0.220,-0.340,-0.120,0.030,0.990,-0.100,0.000,23.020,0.000,0.000
1684838685714,0.000,0.000,26.380,1000.680,105.200,46.190,0.000,0.080,-0.320,0.110,0.040,0.990,-0.090,0.000,23.810,0.000,0.000
1684838685871,0.000,0.000,26.380,1000.720,104.860,46.200,0.000,0.140,-0.490,0.520,0.040,0.990,-0.100,0.000,23.420,0.000,0.000
1684838686028,0.000,0.000,26.370,1000.680,105.160,46.200,0.000,0.060,0.170,-0.090,0.040,0.990,-0.100,0.000,23.020,0.000,0.000
1684838686185,0.000,0.000,26.370,1000.700,105.010,46.200,0.000,0.660,0.460,0.050,0.040,0.990,-0.090,0.000,23.020,0.000,0.000
1684838686343,0.000,0.000,26.370,1000.700,105.040,46.200,0.000,0.310,-0.120,-0.240,0.050,0.990,-0.100,0.000,22.620,0.000,0.000
1684838686500,0.000,0.000,26.370,1000.710,104.890,46.190,0.000,0.290,0.230,0.200,0.050,0.990,-0.100,0.000,23.020,0.000,0.000
1684838686657,0.000,0.000,26.380,1000.680,105.200,46.200,0.000,-0.350,-0.530,0.350,0.040,0.990,-0.100,0.000,23.020,0.000,0.000
1684838686814,0.000,0.000,26.380,1000.710,104.970,46.210,0.000,-0.360,0.050,0.020,0.040,0.990,-0.090,0.000,23.020,0.000,0.000
1684838686971,0.000,0.000,26.380,1000.760,104.520,46.200,0.000,0.280,0.440,-0.380,0.040,0.990,-0.110,0.000,23.810,0.000,0.000
1684838687128,0.000,0.000,26.370,1000.680,105.160,46.200,0.000,-0.240,-0.310,0.160,0.040,0.990,-0.100,0.000,23.020,0.000,0.000
1684838687285,0.000,0.000,26.370,1000.690,105.120,46.200,0.000,0.050,-0.460,0.170,0.040,0.990,-0.100,0.000,23.420,0.000,0.000
1684838687443,0.000,0.000,26.370,1000.700,105.010,46.210,0.000,0.510,0.050,0.130,0.040,0.990,-0.100,0.000,23.020,0.000,0.000
1684838687600,0.000,0.000,26.380,1000.710,104.970,46.200,0.000,0.120,-0.200,0.140,0.040,0.990,-0.090,0.000,23.810,0.000,0.000
1684838687757,0.000,0.000,26.370,1000.690,105.120,46.200,0.000,0.520,0.290,0.160,0.040,0.990,-0.080,0.000,23.420,0.000,0.000
1684838687914,0.000,0.000,26.370,1000.670,105.240,46.200,0.000,-0.180,-0.200,-0.040,0.050,0.990,-0.100,0.000,23.420,0.000,0.000
1684838688071,0.000,0.000,26.380,1000.680,105.200,46.200,0.000,0.020,-0.290,0.250,0.040,0.990,-0.090,0.000,23.420,0.000,0.000
1684838688229,0.000,0.000,26.370,1000.700,105.040,46.200,0.000,-0.140,-0.290,0.130,0.040,0.990,-0.090,0.000,23.420,0.000,0.000
1684838688385,0.000,0.000,26.370,1000.710,104.890,46.200,0.000,-0.530,0.090,0.260,0.040,0.990,-0.100,0.000,23.020,0.000,0.000
1684838688543,0.000,0.000,26.370,1000.660,105.350,46.200,0.000,0.020,0.050,0.190,0.040,0.990,-0.090,0.000,23.420,0.000,0.000
1684838688700,0.000,0.000,26.370,1000.650,105.460,46.200,0.000,0.380,0.050,0.420,0.040,0.990,-0.090,0.000,23.020,0.000,0.000
1684838688857,0.000,0.000,26.370,1000.670,105.170,46.210,0.000,-0.330,0.140,-0.040,0.040,0.990,-0.090,0.000,23.420,0.000,0.000
1684838689014,0.000,0.000,26.370,1000.690,105.120,46.210,0.000,-0.120,-0.200,0.220,0.040,0.990,-0.090,0.000,23.020,0.000,0.000
1684838689171,0.000,0.000,26.370,1000.670,105.270,46.200,0.000,0.230,-0.560,0.220,0.050,0.990,-0.090,0.000,23.420,0.000,0.000
1684838689329,0.000,0.000,26.370,1000.700,105.010,46.200,0.000,-0.580,-0.170,0.220,0.040,0.990,-0.100,0.000,23.810,0.000,0.000
1684838689486,0.000,0.000,26.370,1000.680,105.160,46.200,0.000,-0.070,-0.430,0.110,0.040,0.990,-0.090,0.000,23.420,0.000,0.000
1684838689643,0.000,0.000,26.370,1000.700,105.010,46.200,0.000,0.380,0.310,0.090,0.040,0.990,-0.100,0.000,23.810,0.000,0.000
1684838689800,0.000,0.000,26.380,1000.700,105.050,46.210,0.000,-0.870,0.140,0.350,0.040,0.990,-0.090,0.000,23.020,0.000,0.000
1684838689957,0.000,0.000,26.380,1000.700,105.050,46.200,0.000,-0.120,0.090,0.110,0.040,0.990,-0.090,0.000,23.420,0.000,0.000
1684838690114,0.000,0.000,26.370,1000.690,105.120,46.210,0.000,-0.100,-0.170,-0.180,0.040,0.990,-0.090,0.000,23.420,0.000,0.000
1684838690272,0.000,0.000,26.370,1000.690,105.120,46.200,0.000,-0.240,-0.320,0.710,0.040,0.990,-0.090,0.000,23.020,0.000,0.000
1684838690428,0.000,0.000,26.370,1000.690,105.120,46.200,0.000,-0.240,0.210,0.430,0.040,1.000,-0.090,0.000,23.420,0.000,0.000
1684838690586,0.000,0.000,26.370,1000.660,105.350,46.210,0.000,-0.170,0.340,-0.030,0.040,0.990,-0.100,0.000,22.620,0.000,0.000
1684838690743,0.000,0.000,26.380,1000.690,105.090,46.200,0.000,-0.100,-0.290,-0.150,0.040,0.990,-0.100,0.000,23.810,0.000,0.000
1684838690900,0.000,0.000,26.370,1000.690,105.120,46.210,0.000,-0.090,0.470,0.580,0.040,0.990,-0.100,0.000,23.420,0.000,0.000
1684838691057,0.000,0.000,26.370,1000.700,105.010,46.210,0.000,-0.350,-0.150,0.200,0.040,0.990,-0.090,0.000,23.020,0.000,0.000
1684838691214,0.000,0.000,26.370,1000.630,105.610,46.210,0.000,0.140,-0.060,0.090,0.040,0.990,-0.090,0.000,22.620,0.000,0.000
1684838691372,0.000,0.000,26.370,1000.700,105.040,46.200,0.000,-0.470,0.440,-0.160,0.040,0.990,-0.090,0.000,23.020,0.000,0.000
1684838691529,0.000,0.000,26.370,1000.700,105.010,46.210,0.000,-0.040,-0.060,0.250,0.040,0.990,-0.090,0.000,23.420,0.000,0.000
1684838691686,0.000,0.000,26.380,1000.710,104.970,46.210,0.000,-0.440,-0.370,0.090,0.040,0.990,-0.090,0.000,23.420,0.000,0.000
1684838691843,0.000,0.000,26.370,1000.680,105.160,46.210,0.000,-0.010,0.150,-0.120,0.040,0.990,-0.100,0.000,23.420,0.000,0.000
1684838692000,0.000,0.000,26.370,1000.650,105.460,46.210,0.000,0.030,0.140,0.050,0.040,0.990,-0.100,0.000,23.020,0.000,0.000
1684838692158,0.000,0.000,26.370,1000.700,105.010,46.210,0.000,-0.230,-0.370,0.160,0.040,0.990,-0.090,0.000,23.420,0.000,0.000
1684838692315,0.000,0.000,26.370,1000.690,105.120,46.200,0.000,-0.290,-0.180,0.290,0.040,0.990,-0.100,0.000,23.810,0.000,0.000
1684838692472,0.000,0.000,26.370,1000.710,104.890,46.210,0.000,0.200,0.410,0.200,0.040,0.990,-0.090,0.000,23.810,0.000,0.000
1684838692629,0.000,0.000,26.370,1000.740,104.700,46.210,0.000,0.320,-0.600,0.600,0.040,0.990,-0.090,0.000,23.810,0.000,0.000
1684838692786,0.000,0.000,26.370,1000.670,105.270,46.210,0.000,-0.720,-0.260,0.030,0.040,1.000,-0.100,0.000,22.620,0.000,0.000
1684838692943,0.000,0.000,26.380,1000.700,105.020,46.170,0.000,0.060,0.290,0.420,0.040,0.990,-0.090,0.000,23.810,0.000,0.000
1684838693100,0.000,0.000,26.380,1000.650,105.430,46.210,0.000,0.090,-0.150,-0.290,0.040,0.990,-0.080,0.000,23.420,0.000,0.000
1684838693258,0.000,0.000,26.370,1000.700,105.010,46.210,0.000,-0.730,-0.400,0.450,0.040,0.990,-0.090,0.000,23.020,0.000,0.000
1684838693415,0.000,0.000,26.380,1000.690,105.090,46.200,0.000,-0.430,-0.140,0.430,0.040,0.990,-0.090,0.000,22.620,0.000,0.000
1684838693572,0.000,0.000,26.370,1000.650,105.460,46.200,0.000,-0.230,-0.090,-0.410,0.040,0.990,-0.090,0.000,23.420,0.000,0.000
1684838693729,0.000,0.000,26.370,1000.670,105.300,46.210,0.000,-0.390,-0.380,0.110,0.040,0.990,-0.090,0.000,22.620,0.000,0.000
1684838693886,0.000,0.000,26.370,1000.670,105.270,46.200,0.000,-0.430,0.270,0.050,0.030,1.000,-0.080,0.000,23.020,0.000,0.000
1684838694043,0.000,0.000,26.370,1000.640,105.530,46.200,0.000,-0.820,-0.520,-0.210,0.030,1.000,-0.090,0.000,22.620,0.000,0.000
1684838694200,0.000,0.000,26.370,1000.690,105.120,46.210,0.000,0.440,0.930,0.320,0.050,0.990,-0.070,0.000,23.020,0.000,0.000
1684838694357,0.000,0.000,26.370,1000.690,105.120,46.210,0.000,0.260,0.410,-0.060,0.040,0.990,-0.100,0.000,23.420,0.000,0.000
1684838694515,0.000,0.000,26.370,1000.650,105.460,46.210,0.000,0.190,-0.310,-0.200,0.040,0.990,-0.090,0.000,22.620,0.000,0.000
1684838694672,0.000,0.000,26.370,1000.690,105.120,46.210,0.000,-0.030,0.090,-0.030,0.040,0.990,-0.090,0.000,23.020,0.000,0.000
1684838694829,0.000,0.000,26.370,1000.730,104.780,46.210,0.000,-0.010,0.410,0.230,0.040,0.990,-0.100,0.000,23.420,0.000,0.000
1684838694986,0.000,0.000,26.380,1000.670,105.280,46.210,0.000,0.110,-0.370,0.370,0.040,0.990,-0.090,0.000,23.020,0.000,0.000
1684838695144,0.000,0.000,26.380,1000.680,105.200,46.210,0.000,-0.490,-0.120,0.030,0.040,0.990,-0.090,0.000,23.420,0.000,0.000
1684838695301,0.000,0.000,26.370,1000.710,105.240,46.220,0.000,-0.060,0.460,-0.070,0.040,0.990,-0.090,0.000,23.810,0.000,0.000
1684838695458,0.000,0.000,26.380,1000.650,105.430,46.210,0.000,-0.150,0.080,-0.210,0.040,0.990,-0.110,0.000,23.020,0.000,0.000
1684838695615,0.000,0.000,26.370,1000.680,105.160,46.210,0.000,0.110,0.410,0.080,0.040,0.990,-0.090,0.000,23.020,0.000,0.000
1684838695772,0.000,0.000,26.370,1000.660,105.380,46.210,0.000,-0.900,-0.340,-0.070,0.050,0.990,-0.090,0.000,23.420,0.000,0.000
1684838695929,0.000,0.000,26.370,1000.630,105.610,46.210,0.000,0.400,0.340,0.260,0.030,0.990,-0.090,0.000,23.020,0.000,0.000
1684838696086,0.000,0.000,26.370,1000.670,105.240,46.210,0.000,-0.680,-0.310,0.340,0.040,0.990,-0.080,0.000,23.420,0.000,0.000
1684838696244,0.000,0.000,26.370,1000.660,105.380,46.210,0.000,-0.330,-0.380,0.630,0.040,0.990,-0.090,0.000,23.810,0.000,0.000
1684838696400,0.000,0.000,26.370,1000.720,104.810,46.210,0.000,-0.460,0.080,0.260,0.040,0.990,-0.090,0.000,23.020,0.000,0.000
1684838696558,0.000,0.000,26.380,1000.640,105.540,46.210,0.000,0.020,0.150,0.110,0.040,0.990,-0.090,0.000,22.620,0.000,0.000
1684838696715,0.000,0.000,26.380,1000.670,105.280,46.210,0.000,0.580,0.180,0.220,0.040,0.990,-0.100,0.000,23.020,0.000,0.000
1684838696872,0.000,0.000,26.380,1000.640,105.540,46.200,0.000,-0.520,-0.690,0.370,0.040,1.000,-0.090,0.000,23.020,0.000,0.000
1684838697029,0.000,0.000,26.370,1000.690,105.120,46.210,0.000,-0.150,-0.020,0.060,0.040,0.990,-0.090,0.000,23.420,0.000,0.000
1684838697186,0.000,0.000,26.370,1000.630,105.610,46.210,0.000,0.150,0.370,-0.240,0.040,0.990,-0.100,0.000,23.420,0.000,0.000
1684838697344,0.000,0.000,26.370,1000.620,105.690,46.210,0.000,-0.290,-0.290,0.320,0.040,0.990,-0.090,0.000,23.020,0.000,0.000
1684838697501,0.000,0.000,26.370,1000.690,105.120,46.210,0.000,-0.140,-0.110,0.190,0.040,0.990,-0.090,0.000,23.420,0.000,0.000
1684838697658,0.000,0.000,26.370,1000.660,105.350,46.210,0.000,0.170,-0.290,0.250,0.040,0.990,-0.090,0.000,23.420,0.000,0.000
1684838697815,0.000,0.000,26.380,1000.710,104.940,46.210,0.000,0.190,0.140,-0.470,0.040,1.000,-0.100,0.000,23.420,0.000,0.000
1684838697972,0.000,0.000,26.370,1000.660,105.350,46.210,0.000,-0.100,0.410,0.050,0.040,0.990,-0.090,0.000,23.810,0.000,0.000
1684838698130,0.000,0.000,26.370,1000.630,105.610,46.210,0.000,-0.170,-0.180,-0.030,0.040,0.990,-0.100,0.000,23.020,0.000,0.000
1684838698286,0.000,0.000,26.380,1000.660,105.320,46.210,0.000,0.020,0.020,-0.270,0.040,0.990,-0.100,0.000,23.420,0.000,0.000
1684838698443,0.000,0.000,26.380,1000.660,105.320,46.210,0.000,0.520,0.210,-0.040,0.040,0.980,-0.110,0.000,23.420,0.000,0.000
1684838698601,0.000,0.000,26.380,1000.680,105.200,46.210,0.000,0.600,0.930,0.430,0.050,0.980,-0.080,0.000,23.020,0.000,0.000
1684838698758,0.000,0.000,26.380,1000.650,105.430,46.210,0.000,0.200,0.150,-0.060,0.040,0.980,-0.090,0.000,23.020,0.000,0.000
1684838698915,0.000,0.000,26.370,1000.630,105.580,46.210,0.000,0.280,0.370,-0.100,0.050,0.990,-0.100,0.000,23.020,0.000,0.000
1684838699072,0.000,0.000,26.380,1000.620,105.660,46.210,0.000,-0.270,-0.210,0.380,0.040,0.990,-0.110,0.000,23.020,0.000,0.000
1684838699230,0.000,0.000,26.370,1000.700,105.040,46.210,0.000,-0.140,-0.140,-0.150,0.050,0.990,-0.090,0.000,23.420,0.000,0.000
1684838699387,0.000,0.000,26.370,1000.630,105.580,46.230,0.000,0.250,0.490,0.420,0.040,0.990,-0.100,0.000,23.420,0.000,0.000
1684838699544,0.000,0.000,26.370,1000.700,105.010,46.220,0.000,-0.390,-0.290,0.220,0.040,0.980,-0.100,0.000,23.020,0.000,0.000
1684838699701,0.000,0.000,26.380,1000.690,105.090,46.220,0.000,-0.170,0.260,0.370,0.040,0.990,-0.090,0.000,23.420,0.000,0.000
1684838699858,0.000,0.000,26.380,1000.680,105.170,46.210,0.000,-0.100,0.030,-0.030,0.040,0.980,-0.090,0.000,23.420,0.000,0.000
1684838700015,0.000,0.000,26.380,1000.710,104.940,46.210,0.000,0.030,0.230,0.230,0.040,0.990,-0.100,0.000,23.020,0.000,0.000
1684838700172,0.000,0.000,26.380,1000.700,105.050,46.220,0.000,0.370,-0.240,0.770,0.040,0.990,-0.100,0.000,23.020,0.000,0.000
1684838700329,0.000,0.000,26.380,1000.700,105.050,46.220,0.000,0.220,0.320,0.170,0.040,0.990,-0.090,0.000,23.810,0.000,0.000
1684838700486,0.000,0.000,26.370,1000.710,104.890,46.220,0.000,-0.040,0.120,0.110,0.050,0.980,-0.080,0.000,23.420,0.000,0.000
1684838700644,0.000,0.000,26.370,1000.680,105.160,46.220,0.000,-0.170,-0.210,0.510,0.040,0.990,-0.090,0.000,23.020,0.000,0.000
1684838700801,0.000,0.000,26.370,1000.670,105.240,46.210,0.000,-0.170,0.020,-0.180,0.040,0.980,-0.090,0.000,23.810,0.000,0.000
1684838700958,0.000,0.000,26.370,1000.670,105.300,46.220,0.000,0.060,0.180,0.000,0.040,0.990,-0.090,0.000,23.020,0.000,0.000
1684838701115,0.000,0.000,26.380,1000.690,105.090,46.220,0.000,-0.180,-0.310,0.060,0.040,0.990,-0.090,0.000,23.810,0.000,0.000
1684838701273,0.000,0.000,26.380,1000.680,105.200,46.220,0.000,-0.210,0.320,-0.270,0.040,0.990,-0.080,0.000,23.810,0.000,0.000
1684838701430,0.000,0.000,26.370,1000.700,105.040,46.220,0.000,0.030,-0.050,-0.030,0.050,0.990,-0.090,0.000,23.420,0.000,0.000
1684838701587,0.000,0.000,26.370,1000.630,105.580,46.220,0.000,-0.010,0.460,-0.420,0.030,0.990,-0.090,0.000,24.210,0.000,0.000
1684838701744,0.000,0.000,26.380,1000.610,104.970,46.180,0.000,1.940,0.020,-0.200,0.030,0.990,-0.100,0.000,23.420,0.000,0.000
1684838701901,0.000,0.000,26.370,1000.670,105.270,46.220,0.000,-1.010,-0.320,0.110,0.040,0.980,-0.100,0.000,23.810,0.000,0.000
1684838702058,0.000,0.000,26.380,1000.690,105.090,46.220,0.000,-0.610,0.060,0.030,0.050,0.990,-0.080,0.000,23.020,0.000,0.000
1684838702215,0.000,0.000,26.370,1000.620,105.650,46.220,0.000,0.250,0.000,0.370,0.040,0.990,-0.090,0.000,23.020,0.000,0.000
1684838702373,0.000,0.000,26.370,1000.630,105.580,46.220,0.000,0.110,-0.120,-0.090,0.040,0.990,-0.090,0.000,23.020,0.000,0.000
1684838702530,0.000,0.000,26.380,1000.690,105.090,46.220,0.000,-0.230,-0.310,0.370,0.040,0.990,-0.080,0.000,23.020,0.000,0.000
